size(500,500);
fill(255,255,255);

rect(0,0,500,500);
fill(102,255,255,100);
rect(0,0,20, 500); 
fill(102,255,255,100);
rect(40,0,20,500);
fill(102,255,255,100);
rect(80,0,20,500);
fill(102,255,255,100);
rect(120,0,20,500);
fill(102,255,255,100);
rect(160,0,20,500);
fill(102,255,255,100);
rect(200,0,20,500);
fill (102,255,255,100);
rect(240,0,20,500);
fill(102,255,255,100);
rect (280,0,20,500);
fill(102,255,255,100);
rect(320,0,20,500);
fill(102,255,255,100);
rect (360,0,20,500);
fill(102,255,255,100);
rect (400,0,20, 500);
fill(102,255,255,100);
rect(440,0,20,500);
fill(102,255,255,100);
rect(480,0,20,500);
fill(255,204,255,200);
rect(0,0,500, 20);
fill(255,204,255,200);
rect(0,40,500,20);
fill(255,204,255,200);
rect(0,80,500,20);
fill(255,204,255,200);
rect(0,120,500,20);
fill (255,204,255,200);
rect(0,160,500,20);
fill(255,204,255,200);
rect(0,200,500,20);
fill(255,204,255,200);
rect(0,240,500,20);
fill(255,204,255,200);
rect(0,280,500,20);
fill(255,204,255,200);
rect(0,320,500,20);
fill(255,204,255,200);
rect(0,360,500,20);
fill(255,204,255,200);
rect(0,400,500,20);
fill(255,204,255,200);
rect(0,440,500,20);
fill(255,204,255,200);
rect(0,480,500,20);
fill(255,255,102);
rect(0,0,20,60);
fill(255,255,102);
rect(40,0,20,60);
fill(255,218,185);
rect(80,0,60,20);
fill(255,218,185);
rect(80,40,60,20);
fill(255,255,102);
rect(160,0,20,60);
fill(255,255,102);
rect(200,0,20,60);
fill(255,218,185);
rect(240,0,60,20);
fill(255,218,185);
rect(240,40,60,20);
fill(255,255,102);
rect(320,0,20,60);
fill(255,255,102);
rect(360,0,20,60);
fill(255,218,185);
rect(400,0,60,20);
fill(255,218,185);
rect(400,40,60,20);
fill(255,255,102);
rect(480,0,20,60);
fill(255,218,185);
rect(20,120,60,20);
fill(255,218,185);
rect(20,160,60,20);
fill(255,255,102);
rect(100,120,20,60);
fill(255,255,102);
rect(140,120,20,60);
fill(255,218,185);
rect(180,120,60,20);
fill(255,218,185);
rect(180,160,60,20);
fill(255,255,102);
rect(260,120,20,60);
fill(255,255,102);
rect(300,120,20,60);
fill(255,218,185);
rect(340,160,60,20);
fill(255,218,185);
rect(340,120,60,20);
fill(255,255,102);
rect(420,120,20,60);
fill(255,255,102);
rect(460,120,20,60);
fill(255,255,102);
rect(0,240,20,60);
fill(255,255,102);
rect(40,240,20,60);
fill(255,218,185);
rect(80,240,60,20);
fill(255,218,185);
rect(80,280,60,20);
fill(255,255,102);
rect(160,240,20,60);
fill(255,255,102);
rect(200,240,20,60);
fill(255,218,185);
rect(240,280,60,20);
fill(255,218,185);
rect(240,240,60,20);
fill(255,255,102);
rect(320,240,20,60);
fill(255,255,102);
rect(360,240,20,60);
fill(255,218,185);
rect(400,240,60,20);
fill(255,218,185);
rect(400,280,60,20);
fill(255,255,102);
rect(480,240,20,60);
fill(255,218,185);
rect(20,360,60,20);
fill(255,218,185);
rect(20,400,60,20);
fill(255,255,102);
rect(140,360,20,60);
fill(255,255,102);
rect(100,360,20,60);
fill(255,218,185);
rect(180,400,60,20);
fill(255,218,185);
rect(180,360,60,20);
fill(255,255,102);
rect(260,360,20,60);
fill(255,255,102);
rect(300,360,20,60);
fill(255,218,185);
rect(340,360,60,20);
fill(255,218,185);
rect(340,400,60,20);
fill(255,255,102);
rect(420,360,20,60);
fill(255,255,102);
rect(460,360,20,60);
fill(255,255,102);
rect(0,480,20,60);
fill(255,255,102);
rect(40,480,20,60);
fill(255,218,185);
rect(80,480,60,20);
fill(255,255,102);
rect(160,480,20,60);
fill(255,255,102);
rect(200,480,20,60);
fill(255,218,185);
rect(240,480,60,20);
fill(255,255,102);
rect(320,480,20,60);
fill(255,255,102);
rect(360,480,20,60);
fill(255,218,185);
rect(400,480,60,20);
fill(255,255,102);
rect(480,480,20,60);
fill(0);

text("By Jenny Wang", 400, 490);
